1
1
36
0.678442 -0.013365 0.011453 0.032184 -0.020114 0.002868 0.006992 0.028376 -0.017646 -0.005280 0.008155 -0.054506 0.055487 0.009073 -0.006892 -0.018192 -0.016889 0.004903 0.038611 -0.010211 -0.018977 -0.036394 0.022317 0.017692 0.004119 0.000997 0.017120 -0.013564 0.009693 -0.017547 0.037660 -0.027641 -0.015222 0.015835 -0.019361 -0.006598 
-0.044273 0.672360 -0.008055 -0.007780 -0.014239 -0.013401 -0.001455 -0.014363 -0.026689 -0.000211 0.004901 -0.042844 -0.024168 -0.016353 -0.009527 0.009196 0.014725 0.004752 0.009829 0.019770 -0.004044 0.010294 -0.034124 0.010936 -0.002680 0.038994 0.091366 0.003837 0.000785 -0.023670 0.004478 -0.002065 -0.024985 0.007492 -0.023351 0.017395 
0.207672 0.048904 0.787904 -0.018236 -0.030589 0.111859 -0.052577 -0.024685 0.008982 -0.024564 0.089687 -0.009986 -0.086474 0.046179 -0.008274 0.004548 0.019381 -0.018869 0.013542 0.045417 0.012008 -0.018372 -0.035082 -0.009268 -0.011520 -0.084614 -0.079353 0.051348 0.036231 0.021828 -0.018480 -0.099148 -0.025659 0.068405 0.025679 -0.006304 
0.016198 -0.014099 -0.011093 0.738868 -0.007710 -0.000783 -0.000978 -0.019908 -0.015193 -0.003827 0.027596 -0.032323 0.023111 -0.040541 0.005224 -0.017651 0.018426 -0.006675 -0.027014 0.020639 0.003738 -0.006458 0.018321 0.007429 -0.000128 0.009431 -0.036707 0.002814 0.009412 0.016711 0.010391 -0.001124 0.025124 0.009722 -0.014550 -0.042624 
0.005803 -0.017673 0.001683 0.067088 0.655416 -0.002209 0.004156 0.006912 -0.029217 -0.010421 -0.021116 0.044065 -0.026294 0.058849 0.011562 0.019893 -0.053207 -0.024397 0.024277 0.004966 0.074219 0.020882 0.010395 -0.010339 0.005148 -0.035295 0.015400 0.014122 0.004213 -0.023115 0.037361 -0.018751 -0.005690 -0.036532 0.011309 -0.021383 
-0.044408 -0.126625 -0.238732 0.037813 -0.016625 0.792792 -0.044332 0.003078 0.065755 0.068554 -0.011923 -0.156169 0.029019 0.007394 0.021311 -0.063706 0.012134 0.076692 0.004070 0.022227 0.016291 -0.128868 0.109688 0.039804 -0.017246 -0.005656 0.070754 0.012077 0.001611 0.018631 0.039469 0.067903 -0.024992 -0.020876 -0.007575 -0.027992 
-0.135115 0.045691 -0.119250 -0.008154 0.050806 0.067543 0.714312 -0.027826 -0.023401 0.012360 -0.038983 0.037116 -0.038220 0.032134 0.028773 0.023256 0.018596 0.035711 0.025577 0.001951 0.009584 -0.032104 -0.146195 0.000724 -0.002191 0.026583 0.039802 0.042607 -0.005362 -0.013819 -0.052948 0.091734 -0.003928 0.004899 0.035551 -0.053429 
0.032618 -0.004692 0.014918 -0.003092 -0.067217 0.021627 0.014697 0.651200 0.024067 0.033557 -0.014173 0.017373 -0.014803 0.017216 -0.006116 0.068713 0.031829 -0.002198 -0.013273 -0.035375 -0.099861 0.000502 -0.021359 -0.010453 0.015628 -0.026252 -0.005092 -0.134234 -0.011626 0.001238 0.029097 0.025744 -0.017848 0.096772 -0.041880 -0.067653 
0.008323 0.047190 -0.022109 0.061396 0.037680 -0.008309 0.003793 0.029083 0.666375 0.029967 0.022172 -0.041604 0.033564 -0.002564 -0.070872 -0.007587 -0.083018 0.020691 -0.057721 -0.046057 -0.031639 0.023508 -0.003136 -0.012062 -0.095962 -0.019218 0.050894 0.016994 -0.011762 0.071685 -0.070784 -0.007184 -0.010314 0.011884 0.015085 0.070959 
-0.032086 -0.030882 -0.036284 0.052185 0.000589 0.020278 0.003369 -0.014408 -0.015417 0.774150 -0.001532 0.005909 0.009586 0.018687 0.028698 0.029674 -0.042933 -0.030361 0.020874 -0.004645 0.017952 -0.050342 -0.006145 -0.025967 -0.007793 -0.049484 0.041634 -0.043003 0.052799 0.002853 -0.020425 0.029207 0.038418 0.019481 0.003303 -0.008780 
-0.031344 0.002347 -0.023004 -0.038456 0.028489 -0.004339 -0.002437 -0.045300 -0.010373 0.019919 0.757689 -0.026486 0.005601 -0.058391 0.031274 0.000889 -0.004762 0.005080 -0.082211 0.025344 -0.010382 0.009784 0.012154 -0.009579 0.001361 0.001506 0.010030 0.033814 -0.011426 0.000379 0.030018 -0.009843 0.009241 -0.047456 -0.007805 0.044472 
-0.164977 -0.175845 -0.028364 0.008075 0.006671 0.000043 0.016236 -0.032979 -0.005169 -0.018151 -0.003948 0.591198 -0.004172 0.007232 0.009295 -0.016200 -0.011304 0.010970 -0.037119 -0.092823 0.029699 -0.009404 -0.066968 -0.023901 0.011553 -0.030775 -0.029088 0.016725 0.017124 0.003254 0.111296 -0.016115 0.034323 0.030030 0.023222 -0.017796 
0.200801 -0.103457 0.120077 -0.007923 -0.019898 0.026089 -0.000634 0.020211 0.012444 -0.004959 0.049770 -0.059438 0.565530 0.011142 0.023118 0.004430 0.029817 -0.012376 0.005801 0.000814 -0.037392 -0.072687 0.055872 -0.010569 0.024503 -0.065567 -0.062869 0.003163 0.012109 -0.005080 0.079384 -0.070567 0.031719 0.011813 -0.007126 -0.008708 
0.055814 0.000794 0.025419 -0.067518 -0.078177 -0.012114 -0.005171 0.019358 0.019549 0.035080 -0.096671 0.020577 -0.011921 0.898048 -0.003166 0.048741 -0.016133 0.047091 0.111896 -0.020922 -0.010285 0.023786 -0.014900 -0.020373 0.019181 -0.001039 -0.006724 -0.068979 -0.023836 0.000213 -0.072205 0.036589 0.046522 -0.056451 -0.146095 0.012603 
-0.075003 0.030296 0.006760 -0.041154 0.028445 0.007105 0.004142 -0.065128 0.027931 -0.079624 0.069812 0.002882 -0.029268 -0.025443 0.882740 0.004827 0.024877 -0.002865 -0.054979 -0.052963 -0.000067 -0.071027 -0.009556 0.032212 0.139860 0.007038 0.057951 0.068847 -0.029165 -0.086196 -0.065059 -0.007644 -0.009462 0.000844 0.036474 -0.053088 
-0.037296 0.002640 -0.035309 -0.022831 0.129393 0.013768 0.015504 -0.050846 0.104351 -0.002899 -0.037211 0.009752 -0.031529 0.189702 0.039425 0.730728 -0.055509 0.010045 -0.014157 -0.070839 -0.014267 -0.051071 0.064977 -0.040233 0.062152 0.071382 0.080470 -0.000980 -0.037836 -0.030004 -0.046126 0.045289 0.006021 -0.077311 -0.074272 -0.012541 
-0.091122 -0.016114 0.002427 0.019494 -0.057721 0.002154 0.038062 0.031038 -0.084189 -0.012600 0.085315 -0.087966 0.009742 0.050672 -0.004354 0.004272 0.718056 0.038744 -0.144785 -0.026474 -0.065719 0.025249 -0.046582 0.015934 0.013990 0.045103 -0.002465 -0.048440 0.015690 0.030508 -0.037216 0.021202 -0.038888 0.171949 -0.014575 -0.052015 
0.025663 -0.008498 0.037581 0.029328 -0.079076 -0.007507 -0.054722 -0.171725 -0.063331 0.018664 -0.017480 0.024487 0.055080 -0.006945 0.048259 -0.044615 0.097246 0.580323 -0.094916 0.030587 -0.184770 -0.001132 -0.048235 0.020158 0.150343 -0.030969 -0.017175 0.018599 0.148951 0.020731 0.166878 0.005033 0.081964 0.148356 -0.032110 -0.221838 
0.013896 0.038642 0.019659 -0.169795 0.031785 0.015378 0.008434 0.053226 0.037634 -0.033537 -0.007863 -0.020984 -0.007565 0.004059 0.012080 0.009925 0.182650 0.008482 0.812060 -0.030741 -0.025412 -0.012965 -0.006325 0.006456 0.011362 0.045193 -0.024022 0.009745 -0.001205 -0.031151 0.015572 -0.016806 0.047192 -0.018724 -0.057499 -0.039116 
0.005157 0.015105 0.043479 -0.032134 -0.031388 -0.028692 -0.013233 0.005254 0.033443 -0.020352 -0.042357 0.094647 -0.156986 -0.039687 -0.022483 -0.012289 0.055921 -0.014489 0.012047 0.845596 0.047793 0.002477 0.060871 0.028598 0.024230 0.022622 -0.045381 -0.012693 0.009248 -0.027954 0.005770 0.078967 0.010803 -0.059536 -0.076862 -0.052641 
0.026505 0.009967 0.034434 0.002781 -0.010781 0.012819 0.022596 0.044274 -0.011519 0.022844 -0.051015 0.072635 -0.022261 0.123568 -0.013445 0.068413 -0.068355 0.030423 0.003754 -0.014959 0.662244 -0.023029 0.011381 -0.084797 0.057401 -0.047127 0.049082 -0.058308 -0.009623 -0.045135 0.035113 -0.007642 0.009681 0.052939 -0.092870 0.010557 
-0.222056 0.127681 0.028646 0.021326 0.036502 -0.071294 -0.093397 -0.021591 0.011446 -0.023594 -0.067874 0.094718 -0.116950 -0.038084 -0.047675 -0.005344 0.010868 -0.022520 -0.039367 0.087199 -0.031181 0.842162 -0.106404 -0.024299 -0.002572 0.023600 -0.036261 -0.031634 -0.053282 -0.000216 -0.024203 0.051606 -0.055985 -0.044329 -0.008784 0.013681 
0.050865 -0.196144 -0.010778 0.012368 -0.012812 0.037138 -0.040806 0.049131 -0.037371 -0.005875 0.058495 0.037509 -0.029333 0.010509 0.001326 -0.000665 -0.009709 -0.030898 -0.014364 -0.018114 0.048516 -0.076108 0.715946 0.014394 0.032248 -0.112675 -0.241648 -0.030226 0.014804 0.022851 -0.044803 -0.052102 -0.005651 0.002554 0.036682 -0.052722 
0.021020 0.008882 -0.012839 -0.107339 0.078941 -0.010123 -0.009939 0.073506 0.011590 0.010087 -0.024417 -0.027962 0.008833 0.073589 -0.069465 -0.037719 0.000296 0.017657 0.117490 -0.006376 -0.002988 -0.008843 -0.001774 0.692683 -0.082026 0.018755 0.014609 -0.009495 0.037687 0.012048 -0.064009 -0.006479 -0.089754 -0.005544 0.028244 0.088160 
-0.027470 -0.062496 -0.015352 0.018336 0.035565 0.013734 -0.012038 -0.077917 -0.075558 -0.095135 -0.017820 0.006780 -0.053424 -0.027574 0.221176 0.047442 0.014897 -0.059101 -0.017604 -0.010728 0.022828 0.012630 -0.013311 0.030346 0.897530 0.061331 0.078169 0.063072 -0.065719 -0.055447 0.104814 0.062121 0.038732 -0.104526 0.025183 -0.086501 
0.028922 0.019026 -0.016528 -0.015172 0.020558 0.064600 0.045488 0.015691 -0.048800 0.067478 0.007488 0.035704 0.003248 -0.010365 -0.005993 0.024108 0.018133 -0.031305 0.002592 -0.002824 -0.000104 -0.000286 0.054520 0.027172 0.020924 0.702693 0.143097 -0.008847 0.001698 -0.041960 -0.048337 -0.029502 -0.041025 -0.007418 -0.016624 -0.047516 
0.187114 -0.117485 -0.039227 0.009993 -0.041467 0.029805 -0.025429 0.007383 -0.040546 0.044073 0.090962 -0.002017 0.029705 0.007770 -0.003711 -0.004998 0.013827 0.040872 0.028465 -0.057982 0.005563 -0.150161 0.018138 -0.007764 -0.028580 -0.058942 0.445894 -0.007793 0.026214 0.011428 0.015243 -0.073417 0.003217 0.057881 0.005772 -0.000588 
-0.010042 0.021956 -0.009203 -0.004960 0.016916 0.007299 -0.020235 0.183765 0.005474 0.038661 0.012546 -0.024116 -0.026268 0.005965 0.007782 0.031391 0.002638 0.019546 0.005175 -0.006113 0.009583 0.031276 -0.028139 0.016602 0.002549 0.009060 0.048359 0.712915 -0.020706 0.011928 -0.075438 0.013780 0.055573 -0.025372 0.021057 0.022041 
-0.046519 -0.052479 -0.122446 0.057850 -0.030929 0.037000 -0.000841 0.032108 -0.008752 -0.145661 0.013169 -0.015173 0.032710 -0.004108 -0.045734 -0.037487 -0.034686 -0.050545 -0.059053 -0.039328 0.060361 -0.054213 -0.021214 -0.068298 0.067975 -0.012368 0.017617 0.000431 0.702862 0.026486 0.085965 0.052815 -0.104611 0.126973 0.041545 0.041830 
-0.002937 0.033950 -0.010524 0.055658 -0.159025 0.007144 0.022793 -0.013154 0.174013 0.023930 -0.051794 0.023238 0.025419 -0.024297 -0.068263 -0.071477 0.018511 0.027802 0.125785 0.079015 -0.052793 0.072824 -0.029894 0.009388 -0.033409 -0.012294 0.011817 -0.015761 0.001511 0.700234 0.197612 0.015021 -0.017720 -0.024889 -0.016653 0.002464 
0.016144 0.015924 -0.021698 0.018787 -0.091312 0.006857 0.001142 -0.004620 0.011663 -0.014514 0.003193 0.101022 0.023393 -0.028383 -0.003006 -0.064843 0.024853 -0.006984 0.017801 0.063195 0.024049 0.008616 -0.004963 0.019630 0.033601 -0.010913 -0.056784 0.006458 0.027550 -0.014059 0.817969 -0.005021 0.026962 0.000135 -0.019561 -0.105253 
-0.157162 0.237900 0.059739 0.005039 -0.049288 -0.008730 0.035182 -0.061412 0.068429 0.035419 -0.052350 -0.141739 -0.059230 -0.005068 -0.025027 -0.006202 -0.003084 0.054751 0.009496 0.118944 -0.105448 -0.071518 0.196748 0.008563 -0.037015 0.131168 0.133765 0.005639 0.054217 0.024144 -0.068325 0.534294 -0.037049 0.061907 -0.004481 -0.035689 
-0.009222 0.051510 0.000951 -0.001246 -0.030425 0.007489 -0.009641 0.013513 0.059309 -0.004076 -0.016629 0.023378 0.012748 -0.061698 -0.048256 -0.015481 0.015397 -0.009384 0.032948 0.048925 0.010049 0.012429 0.003874 0.062813 -0.005360 0.005670 -0.014340 -0.029995 -0.004340 0.019197 -0.023987 -0.009567 0.689931 -0.090450 -0.004540 0.014102 
-0.013938 -0.011416 -0.009647 -0.026393 0.033394 0.009721 0.005985 -0.040731 -0.009783 -0.007112 0.047910 -0.007513 -0.022079 -0.087629 0.004290 -0.010732 0.004094 -0.063751 0.015030 0.001915 0.057227 -0.021390 0.009843 0.005347 0.030126 -0.026035 0.011748 0.036643 -0.008501 -0.020982 0.026540 -0.017400 0.038951 0.520541 0.103998 -0.032604 
0.011332 0.023350 0.002335 0.031548 -0.042283 -0.008882 0.005513 -0.020731 -0.019689 0.016433 -0.025007 -0.000992 -0.015958 -0.046579 -0.031306 0.005110 -0.010102 0.019891 -0.014357 0.012945 0.058611 0.020412 0.011093 -0.044244 0.011357 0.033117 0.032987 -0.028077 -0.021928 0.013370 -0.004665 -0.011526 0.031948 0.005398 0.702285 0.015327 
-0.026414 0.024790 -0.033223 -0.005363 -0.078343 -0.003992 0.018472 -0.068485 0.010817 -0.020456 0.014588 -0.047860 -0.006272 -0.068047 0.000218 -0.049138 0.028621 0.032304 -0.010872 0.014843 -0.067783 -0.016268 0.010542 0.059311 -0.024501 -0.017929 -0.006702 -0.013885 0.025666 0.065067 -0.045806 -0.020868 0.007231 0.096496 0.105981 0.635982 
1.555036 1.392721 5.358589 -0.384739 0.436280 -2.200226 -0.226946 0.943119 0.481884 -0.502455 0.155490 -1.854690 -1.255771 0.431370 -0.148949 -0.304012 -0.425224 -0.212726 0.129699 1.649190 0.308367 -1.685076 0.271353 -0.195684 -1.667995 0.740032 0.135531 1.334139 -2.106070 -1.364939 -0.736790 -0.772284 0.122181 -0.000106 -0.361839 0.085013 
1.0 1.0 1.0 1.0 1.0 1.0 1.0 1.0 1.0 1.0 1.0 1.0 1.0 1.0 1.0 1.0 1.0 1.0 1.0 1.0 1.0 1.0 1.0 1.0 1.0 1.0 1.0 1.0 1.0 1.0 1.0 1.0 1.0 1.0 1.0 1.0 
